,id,team_fifa_api_id,date,buildUpPlaySpeed,buildUpPlaySpeedClass,buildUpPlayDribblingClass,buildUpPlayPassing,buildUpPlayPassingClass,buildUpPlayPositioningClass,chanceCreationPassing,chanceCreationPassingClass,chanceCreationCrossing,chanceCreationCrossingClass,chanceCreationShooting,chanceCreationShootingClass,chanceCreationPositioningClass,defencePressure,defencePressureClass,defenceAggression,defenceAggressionClass,defenceTeamWidth,defenceTeamWidthClass,defenceDefenderLineClass,team_name,qualify
70,71,1,2010-02-22,66,2,1,30,1,2,30,1,45,2,35,2,2,30,1,40,1,50,2,1,Arsenal,0
71,72,1,2011-02-22,75,1,1,40,2,2,40,2,45,2,65,2,2,50,2,40,1,45,2,1,Arsenal,1
72,73,1,2012-02-22,25,3,1,32,1,1,41,2,34,2,30,1,2,57,2,57,1,52,2,1,Arsenal,0
73,74,1,2013-09-20,30,3,1,29,1,1,41,2,55,2,39,2,2,64,2,54,1,52,2,1,Arsenal,0
74,75,1,2014-09-19,59,2,2,26,1,1,28,1,55,2,64,2,2,51,2,44,1,52,2,1,Arsenal,1
75,76,1,2015-09-10,59,2,2,30,1,1,28,1,44,2,46,2,2,51,2,44,1,52,2,1,Arsenal,1
224,225,1943,2010-02-22,70,1,1,70,3,1,70,3,70,3,60,2,1,70,3,70,2,70,3,1,Bournemouth,0
225,226,1943,2011-02-22,51,2,1,66,2,1,68,3,33,1,47,2,1,27,1,46,1,48,2,1,Bournemouth,0
226,227,1943,2012-02-22,46,2,1,46,2,1,54,2,60,2,52,2,1,48,2,50,1,62,2,1,Bournemouth,0
227,228,1943,2013-09-20,39,2,1,38,2,1,54,2,43,2,52,2,1,48,2,50,1,62,2,1,Bournemouth,0
228,229,1943,2014-09-19,47,2,2,48,2,1,46,2,48,2,41,2,1,48,2,50,1,62,2,1,Bournemouth,0
229,230,1943,2015-09-10,47,2,2,47,2,1,49,2,45,2,47,2,1,48,2,50,1,62,2,1,Bournemouth,0
248,249,1796,2010-02-22,70,1,1,65,2,1,70,3,70,3,70,3,1,65,2,70,2,70,3,1,Burnley,0
249,250,1796,2011-02-22,36,2,1,52,2,1,49,2,68,3,55,2,1,24,1,56,1,66,2,1,Burnley,0
250,251,1796,2012-02-22,48,2,1,44,2,1,56,2,58,2,48,2,1,52,2,50,1,58,2,1,Burnley,0
251,252,1796,2013-09-20,54,2,1,55,2,1,56,2,59,2,48,2,1,48,2,50,1,58,2,1,Burnley,0
252,253,1796,2014-09-19,48,2,1,74,3,1,72,3,59,2,58,2,1,54,2,57,1,58,2,1,Burnley,0
253,254,1796,2015-09-10,54,2,1,67,3,1,72,3,57,2,47,2,1,63,2,62,1,58,2,1,Burnley,0
306,307,5,2010-02-22,70,1,1,60,2,2,56,2,70,3,70,3,2,30,1,60,1,35,2,1,Chelsea,1
307,308,5,2011-02-22,60,2,1,50,2,2,60,2,60,2,80,3,2,35,2,55,1,50,2,1,Chelsea,0
308,309,5,2012-02-22,60,2,1,45,2,1,55,2,45,2,45,2,1,60,2,62,1,46,2,1,Chelsea,1
309,310,5,2013-09-20,46,2,1,41,2,1,46,2,61,2,63,2,1,42,2,43,1,46,2,1,Chelsea,1
310,311,5,2014-09-19,67,1,2,38,2,1,41,2,61,2,68,3,1,39,2,41,1,46,2,1,Chelsea,1
311,312,5,2015-09-10,67,1,2,36,2,1,41,2,34,2,44,2,1,39,2,41,1,46,2,1,Chelsea,0
335,336,1799,2010-02-22,70,1,1,70,3,1,70,3,70,3,65,2,1,65,2,60,1,60,2,1,Crystal Palace,0
336,337,1799,2011-02-22,53,2,1,54,2,1,69,3,48,2,52,2,1,48,2,43,1,33,1,1,Crystal Palace,0
337,338,1799,2012-02-22,43,2,1,46,2,1,69,3,66,2,47,2,1,44,2,27,3,53,2,1,Crystal Palace,0
338,339,1799,2013-09-20,52,2,1,47,2,1,69,3,66,2,47,2,1,36,2,33,3,53,2,1,Crystal Palace,0
339,340,1799,2014-09-19,61,2,2,68,3,1,67,3,62,2,52,2,1,36,2,34,1,48,2,1,Crystal Palace,0
340,341,1799,2015-09-10,61,2,2,67,3,1,67,3,69,3,50,2,1,36,2,34,1,41,2,1,Crystal Palace,0
404,405,7,2010-02-22,60,2,1,65,2,1,60,2,70,3,45,2,1,40,2,70,2,40,2,1,Everton,0
405,406,7,2011-02-22,60,2,1,50,2,1,55,2,70,3,55,2,1,55,2,65,1,60,2,1,Everton,0
406,407,7,2012-02-22,56,2,1,56,2,1,48,2,57,2,56,2,1,50,2,50,1,60,2,1,Everton,0
407,408,7,2013-09-20,58,2,1,62,2,1,48,2,59,2,32,1,1,41,2,44,1,59,2,1,Everton,0
408,409,7,2014-09-19,61,2,2,42,2,1,39,2,59,2,48,2,1,52,2,58,1,60,2,1,Everton,0
409,410,7,2015-09-10,43,2,2,40,2,1,39,2,33,1,63,2,1,52,2,58,1,59,2,1,Everton,0
596,597,1952,2010-02-22,65,2,1,60,2,1,70,3,70,3,55,2,1,70,3,70,2,70,3,1,Hull City,0
597,598,1952,2011-02-22,49,2,1,52,2,1,64,2,64,2,37,2,1,46,2,46,1,67,3,1,Hull City,0
598,599,1952,2012-02-22,61,2,1,48,2,1,38,2,60,2,54,2,1,38,2,42,1,46,2,1,Hull City,0
599,600,1952,2013-09-20,63,2,1,48,2,1,38,2,60,2,54,2,1,34,2,37,1,46,2,1,Hull City,0
600,601,1952,2014-09-19,56,2,2,51,2,1,54,2,60,2,48,2,1,38,2,37,1,46,2,1,Hull City,0
601,602,1952,2015-09-10,56,2,2,55,2,1,54,2,49,2,56,2,1,38,2,37,1,46,2,1,Hull City,0
712,713,95,2010-02-22,70,1,1,70,3,1,70,3,70,3,45,2,1,70,3,70,2,70,3,1,Leicester City,0
713,714,95,2011-02-22,36,2,1,52,2,1,36,2,52,2,52,2,1,51,2,34,1,48,2,1,Leicester City,0
714,715,95,2012-02-22,45,2,1,48,2,1,48,2,56,2,56,2,1,48,2,52,1,54,2,1,Leicester City,0
715,716,95,2013-09-20,45,2,1,48,2,1,48,2,56,2,56,2,1,48,2,52,1,54,2,1,Leicester City,0
716,717,95,2014-09-19,63,2,2,48,2,1,47,2,62,2,69,3,1,58,2,62,1,54,2,1,Leicester City,0
717,718,95,2015-09-10,63,2,2,60,2,1,47,2,64,2,46,2,1,58,2,65,1,55,2,1,Leicester City,1
742,743,9,2010-02-22,50,2,1,35,2,1,50,2,60,2,70,3,1,40,2,60,1,40,2,1,Liverpool,0
743,744,9,2011-02-22,60,2,1,50,2,1,40,2,45,2,60,2,1,55,2,55,1,50,2,1,Liverpool,0
744,745,9,2012-02-22,60,2,1,60,2,1,48,2,73,3,53,2,1,50,2,48,1,62,2,1,Liverpool,0
745,746,9,2013-09-20,39,2,1,44,2,1,42,2,34,2,54,2,1,59,2,52,1,61,2,1,Liverpool,1
746,747,9,2014-09-19,71,1,2,32,1,1,34,2,41,2,61,2,1,51,2,48,1,62,2,1,Liverpool,0
747,748,9,2015-09-10,66,2,2,45,2,1,34,2,34,2,46,2,1,51,2,52,1,61,2,1,Liverpool,0
800,801,10,2010-02-22,70,1,1,60,2,1,55,2,70,3,70,3,1,45,2,55,1,45,2,1,Manchester City,1
801,802,10,2011-02-22,70,1,1,60,2,1,70,3,65,2,75,3,2,65,2,65,1,50,2,1,Manchester City,1
802,803,10,2012-02-22,45,2,1,55,2,1,40,2,38,2,48,2,2,50,2,60,1,54,2,1,Manchester City,1
803,804,10,2013-09-20,36,2,1,34,2,1,39,2,44,2,38,2,2,42,2,44,1,54,2,1,Manchester City,1
804,805,10,2014-09-19,59,2,2,29,1,1,32,1,49,2,62,2,1,42,2,44,1,54,2,1,Manchester City,1
805,806,10,2015-09-10,59,2,2,29,1,2,38,2,36,2,24,1,2,48,2,47,1,54,2,1,Manchester City,0
806,807,11,2010-02-22,70,1,1,45,2,1,45,2,70,3,65,2,2,40,2,50,1,40,2,1,Manchester United,1
807,808,11,2011-02-22,65,2,1,40,2,1,65,2,65,2,70,3,2,45,2,45,1,65,2,1,Manchester United,1
808,809,11,2012-02-22,46,2,1,54,2,1,46,2,60,2,55,2,1,40,2,50,1,56,2,1,Manchester United,1
809,810,11,2013-09-20,46,2,1,38,2,1,46,2,68,3,37,2,1,49,2,49,1,56,2,1,Manchester United,0
810,811,11,2014-09-19,46,2,2,54,2,1,49,2,72,3,56,2,1,42,2,41,1,56,2,1,Manchester United,0
811,812,11,2015-09-10,38,2,2,44,2,1,49,2,44,2,40,2,1,54,2,53,1,56,2,1,Manchester United,0
829,830,12,2010-02-22,70,1,1,70,3,1,70,3,70,3,50,2,1,30,1,70,2,30,1,1,Middlesbrough,0
830,831,12,2011-02-22,66,2,1,51,2,1,64,2,64,2,48,2,1,54,2,44,1,49,2,1,Middlesbrough,0
831,832,12,2012-02-22,60,2,1,72,3,1,40,2,56,2,72,3,1,38,2,42,1,42,2,1,Middlesbrough,0
832,833,12,2013-09-20,60,2,1,40,2,1,40,2,56,2,57,2,1,38,2,42,1,52,2,1,Middlesbrough,0
833,834,12,2014-09-19,60,2,1,56,2,1,49,2,56,2,72,3,1,38,2,42,1,42,2,1,Middlesbrough,0
834,835,12,2015-09-10,60,2,1,46,2,1,43,2,55,2,37,2,1,38,2,42,1,42,2,1,Middlesbrough,0
1180,1181,17,2010-02-22,70,1,1,55,2,1,70,3,70,3,65,2,1,70,3,70,2,70,3,1,Southampton,0
1181,1182,17,2011-02-22,52,2,1,37,2,1,48,2,49,2,47,2,1,43,2,43,1,48,2,1,Southampton,0
1182,1183,17,2012-02-22,47,2,1,52,2,1,54,2,56,2,60,2,1,48,2,52,1,44,2,1,Southampton,0
1183,1184,17,2013-09-20,47,2,1,38,2,1,52,2,56,2,58,2,2,57,2,63,1,44,2,1,Southampton,0
1184,1185,17,2014-09-19,47,2,2,40,2,1,42,2,56,2,51,2,2,62,2,64,1,44,2,1,Southampton,0
1185,1186,17,2015-09-10,52,2,1,46,2,1,42,2,54,2,30,1,1,50,2,65,1,44,2,1,Southampton,0
1242,1243,1806,2010-02-22,65,2,1,70,3,1,70,3,70,3,55,2,1,35,2,70,2,35,2,1,Stoke City,0
1243,1244,1806,2011-02-22,50,2,1,80,3,1,30,1,70,3,35,2,1,25,1,65,1,50,2,1,Stoke City,0
1244,1245,1806,2012-02-22,75,1,1,75,3,1,40,2,72,3,55,2,1,50,2,58,1,45,2,1,Stoke City,0
1245,1246,1806,2013-09-20,75,1,1,73,3,1,59,2,61,2,38,2,1,32,1,37,1,41,2,1,Stoke City,0
1246,1247,1806,2014-09-19,48,2,1,55,2,1,51,2,57,2,37,2,1,38,2,40,1,41,2,1,Stoke City,0
1247,1248,1806,2015-09-10,48,2,2,49,2,1,51,2,59,2,49,2,1,44,2,37,1,51,2,1,Stoke City,0
1248,1249,106,2010-02-22,60,2,1,70,3,1,70,3,70,3,55,2,1,35,2,70,2,35,2,1,Sunderland,0
1249,1250,106,2011-02-22,55,2,1,55,2,1,55,2,65,2,55,2,1,45,2,55,1,65,2,1,Sunderland,0
1250,1251,106,2012-02-22,67,1,1,62,2,1,44,2,72,3,59,2,1,47,2,53,1,60,2,1,Sunderland,0
1251,1252,106,2013-09-20,57,2,1,66,2,1,56,2,31,1,72,3,1,47,2,52,1,49,2,1,Sunderland,0
1252,1253,106,2014-09-19,60,2,1,61,2,1,56,2,44,2,58,2,1,41,2,38,1,53,2,1,Sunderland,0
1253,1254,106,2015-09-10,43,2,2,51,2,1,59,2,50,2,55,2,1,47,2,45,1,49,2,1,Sunderland,0
1254,1255,1960,2010-02-22,65,2,1,70,3,1,70,3,70,3,70,3,1,70,3,70,2,70,3,1,Swansea City,0
1255,1256,1960,2011-02-22,66,2,1,34,2,1,52,2,51,2,64,2,1,44,2,47,1,64,2,1,Swansea City,0
1256,1257,1960,2012-02-22,26,3,1,24,1,1,62,2,39,2,57,2,2,48,2,58,1,60,2,1,Swansea City,0
1257,1258,1960,2013-09-20,41,2,1,39,2,1,36,2,42,2,44,2,2,52,2,58,1,57,2,1,Swansea City,0
1258,1259,1960,2014-09-19,63,2,2,34,2,1,34,2,51,2,36,2,2,51,2,58,1,54,2,1,Swansea City,0
1259,1260,1960,2015-09-10,45,2,2,42,2,1,34,2,36,2,55,2,2,31,1,47,1,42,2,1,Swansea City,0
1275,1276,18,2010-02-22,70,1,1,50,2,1,50,2,65,2,50,2,1,50,2,50,1,50,2,1,Tottenham Hotspur,0
1276,1277,18,2011-02-22,60,2,1,55,2,2,70,3,70,3,70,3,1,30,1,40,1,60,2,1,Tottenham Hotspur,0
1277,1278,18,2012-02-22,44,2,1,47,2,1,52,2,63,2,61,2,1,43,2,44,1,51,2,1,Tottenham Hotspur,0
1278,1279,18,2013-09-20,42,2,1,46,2,1,45,2,58,2,68,3,1,63,2,61,1,57,2,1,Tottenham Hotspur,0
1279,1280,18,2014-09-19,41,2,2,38,2,1,41,2,59,2,62,2,1,58,2,51,1,56,2,1,Tottenham Hotspur,0
1280,1281,18,2015-09-10,47,2,2,40,2,1,41,2,41,2,63,2,1,63,2,54,1,56,2,1,Tottenham Hotspur,1
1366,1367,1795,2010-02-22,70,1,1,70,3,1,70,3,70,3,65,2,1,70,3,70,2,65,2,1,Watford,0
1367,1368,1795,2011-02-22,64,2,1,53,2,1,67,3,67,3,48,2,1,44,2,47,1,66,2,1,Watford,0
1368,1369,1795,2012-02-22,66,2,1,66,2,1,45,2,60,2,60,2,1,48,2,50,1,45,2,1,Watford,0
1369,1370,1795,2013-09-20,67,1,1,45,2,1,45,2,38,2,53,2,2,38,2,52,1,45,2,1,Watford,0
1370,1371,1795,2014-09-19,61,2,2,56,2,1,54,2,44,2,55,2,2,38,2,52,1,45,2,1,Watford,0
1371,1372,1795,2015-09-10,61,2,1,52,2,1,54,2,42,2,45,2,2,38,2,52,1,45,2,1,Watford,0
1378,1379,109,2010-02-22,65,2,1,40,2,1,70,3,70,3,55,2,1,70,3,70,2,70,3,1,West Bromwich Albion,0
1379,1380,109,2011-02-22,60,2,1,65,2,1,40,2,50,2,45,2,1,35,2,55,1,60,2,1,West Bromwich Albion,0
1380,1381,109,2012-02-22,48,2,1,48,2,1,45,2,60,2,54,2,1,38,2,38,1,52,2,1,West Bromwich Albion,0
1381,1382,109,2013-09-20,55,2,1,54,2,1,57,2,53,2,57,2,1,33,1,31,3,49,2,1,West Bromwich Albion,0
1382,1383,109,2014-09-19,55,2,2,51,2,1,53,2,53,2,57,2,1,41,2,40,1,49,2,1,West Bromwich Albion,0
1383,1384,109,2015-09-10,62,2,1,51,2,1,53,2,50,2,60,2,1,41,2,40,1,49,2,1,West Bromwich Albion,0
1384,1385,19,2010-02-22,58,2,1,30,1,1,31,1,70,3,50,2,1,30,1,70,2,30,1,1,West Ham United,0
1385,1386,19,2011-02-22,35,2,1,35,2,1,30,1,45,2,45,2,1,45,2,45,1,50,2,1,West Ham United,0
1386,1387,19,2012-02-22,63,2,1,64,2,1,44,2,60,2,55,2,1,30,1,34,1,38,2,1,West Ham United,0
1387,1388,19,2013-09-20,72,1,1,73,3,1,61,2,74,3,32,1,1,30,1,37,1,41,2,1,West Ham United,0
1388,1389,19,2014-09-19,72,1,2,73,3,1,68,3,71,3,32,1,1,30,1,34,1,41,2,1,West Ham United,0
1389,1390,19,2015-09-10,77,1,2,57,2,1,68,3,73,3,29,1,1,30,1,37,1,41,2,1,West Ham United,0
